500
3692 517
4187 144
3983 441
3211 179
530 1023
1672 76
2493 564
1066 1009
3851 895
563 1066
1481 1175
3010 1405
2272 881
3197 1312
3755 180
2688 1282
3057 356
352 660
2590 381
835 769
533 1265
4147 1007
708 303
4045 120
2117 1039
2253 1318
2360 1085
1237 261
290 1043
2289 692
180 1119
4323 468
326 896
3827 1264
1678 458
2544 334
1460 734
167 103
841 453
1770 311
29 33
4413 108
3552 1205
4274 1202
1737 706
3262 104
1852 1143
939 1280
706 759
1587 205
1390 675
1366 473
1582 774
3260 26
2000 1220
3080 926
2518 1295
1290 1119
4187 676
392 1273
3307 708
997 1086
800 1064
3300 1171
1558 741
62 1078
224 157
922 1154
4399 549
474 731
1672 920
3092 258
2764 1223
4108 514
2810 627
3384 706
400 1412
1446 818
1064 1187
272 1271
1021 1196
3895 439
2960 953
781 803
49 1326
2417 1308
4571 769
119 1108
4492 638
2121 618
4243 1079
2925 306
2011 1315
510 198
1671 529
729 1169
742 5
2753 289
1763 524
4084 1139
3244 1304
622 877
3938 707
3051 294
2778 400
3452 737
4067 1360
4665 1157
2270 615
27 753
45 578
4224 367
2798 1101
1019 306
1157 621
3091 92
4344 414
3200 208
1181 489
4182 552
177 1363
1053 877
4127 1204
1957 165
4179 1013
2257 981
4613 1086
28 1262
4181 637
3947 1106
813 912
4370 659
4117 233
3746 1295
4149 502
2425 1088
369 1069
4351 1021
475 1141
3730 68
4308 413
1707 411
1937 223
4162 267
155 574
308 1232
1883 1275
4275 900
1793 234
3937 852
1356 1296
4448 179
764 842
262 37
2197 1173
3672 170
852 1228
477 1116
3601 961
3327 521
3757 506
2368 975
3838 678
1788 82
2787 471
1971 1303
4142 1404
2352 1203
147 338
3469 263
2486 632
1341 637
3876 457
4284 118
2061 17
1704 634
4009 222
1973 330
3341 1314
2270 44
2081 308
3256 1053
3060 678
432 208
4523 412
737 174
4416 418
674 412
3280 185
887 980
2894 1357
3103 776
4488 89
2856 781
1199 1374
2572 10
1411 723
2083 1181
2326 174
631 1043
2957 995
3628 946
343 1155
457 471
3825 257
4157 55
1669 347
2794 942
1373 115
4654 272
2857 755
3442 515
1725 624
3174 1061
3733 1252
3506 1360
3314 1264
1644 387
557 631
1506 1294
998 1413
4071 470
463 490
1451 699
2515 655
1494 849
438 456
1024 182
943 484
204 322
817 768
1448 1056
3451 1400
1134 1269
4606 220
3901 805
541 218
3440 841
2076 821
4432 1279
2298 960
4568 583
2558 960
3157 1057
1919 581
823 33
1683 381
688 1217
4177 149
1511 193
1446 387
1797 122
747 46
428 1131
4008 794
1277 1014
1161 1186
1504 177
3291 728
2437 1179
1728 585
4523 507
4055 826
3449 699
1248 61
1853 1337
1905 1121
99 1381
460 662
1667 1415
1541 337
1524 36
189 1291
3582 38
4625 412
2535 747
1796 800
1175 402
2724 972
3873 552
3901 217
1021 504
3110 387
998 963
4187 200
1928 1102
2259 149
3644 1244
2070 1120
281 897
414 577
2504 772
204 788
399 837
3423 499
2227 723
709 73
400 900
2513 552
4557 1324
3943 73
1097 476
1830 783
2513 391
3039 1419
1412 1282
4074 1311
219 633
2698 1175
437 98
2701 1033
4432 100
2952 858
2783 1052
4282 294
1379 835
1145 169
376 595
1599 9
3652 632
3549 895
2726 949
2716 962
2048 249
4479 1201
4651 1385
1921 343
3609 772
803 1280
1757 1130
1517 667
2965 388
239 752
841 743
224 362
3206 1108
1979 356
210 52
2200 1029
176 266
1884 848
2048 1251
1582 1323
2274 1297
4539 955
2232 987
1756 1066
1098 1172
3738 342
3285 681
4326 752
3006 1374
3327 1062
2446 75
3847 1386
909 104
1902 397
2195 846
2451 749
4387 596
1985 378
166 1366
3216 360
1371 466
1662 125
1962 501
721 625
2194 477
3097 569
85 723
215 527
1087 1370
2828 1356
1363 896
2683 1060
1155 804
313 832
3981 801
2950 321
3399 1325
3702 1397
1420 1382
1486 728
1479 885
3003 403
109 179
2056 1329
2896 1376
4473 1415
3868 959
3832 1214
3213 779
4285 539
402 1020
2037 392
1770 572
1529 395
4227 1108
471 1026
2883 204
1018 512
3187 934
1039 1053
2438 451
522 1227
2267 1112
2261 771
4133 1026
86 256
1400 1208
3841 1053
3454 854
3464 748
1367 832
3819 1367
2870 1109
3744 1091
1209 850
143 589
4378 1234
651 947
4545 83
1671 875
64 1076
2492 466
3727 1110
2311 108
2923 908
4321 1383
1289 1185
1712 11
1016 1166
608 905
741 123
540 408
2226 254
4266 584
742 340
3003 406
731 201
2512 742
4658 677
4365 130
1972 837
3526 1163
4068 260
186 142
3864 992
1732 817
3155 1408
2037 642
2264 554
7 1388
4310 583
896 838
1198 534
582 159
1774 1055
1846 655
2704 1215
1137 59
1566 753
3838 1377
4357 95
519 464
4433 916
3719 190
3771 1273
2030 14
1013 1252
2240 469
3740 1239
484 1060
3757 350
3206 331
2907 644
1359 552
521 96
2025 463
2673 781
2924 272
1996 1106
3376 901
1062 1260
3257 846
4211 23
2195 1221
896 1328
507 1331
3963 603
499 1408
4071 1259
2480 650
560 166
458 89
3421 742
1695 738
2638 781
175 1328
1103 782
